V 54
K 1
D 0 -762000 2540000 0
Y 1
U 2159000 762000 254000 0 2 3 REFDES=U?
U 2159000 508000 254000 0 2 3 DEVICE=EC12D1524403
U 2159000 254000 254000 0 2 0 PKG_TYPE=EC12D1524403
U 2159000 0 254000 0 2 0 Description=17,5mm Vertical encoder 15 Pulses 30 DET
U 2159000 -254000 254000 0 2 0 Datasheet Link=https://www.alps.com/prod/info/E/HTML/Encoder/Incremental/EC12E/EC12D1524403.html
U 2159000 -508000 254000 0 2 0 Height=17.5
U 2159000 -762000 254000 0 2 0 Mouser Part Number=688-EC12D1524403
U 2159000 -1016000 254000 0 2 0 Mouser Price/Stock=https://www.mouser.co.uk/ProductDetail/Alps-Alpine/EC12D1524403?qs=6EGMNY9ZYDSnlYGJrjCewg%3D%3D
U 2159000 -1270000 254000 0 2 0 Manufacturer_Name=ALPS Electric
U 2159000 -1524000 254000 0 2 0 Manufacturer_Part_Number=EC12D1524403
U 0 0 254000 0 1 0 FORWARD_PCB=1
l 5 508000 254000 2032000 254000 2032000 -1016000 508000 -1016000 508000 254000
|GRPHSTL -1 -1 -1 1
P 1 0 0 508000 0 0 2 0
L 584200 0 228600 0 2 0 1 0 A1
A 355600 50800 203200 0 9 3 #=A1
A 0 0 9 0 3 0 PINTYPE=BI
P 2 0 -254000 508000 -254000 0 2 0
L 584200 -254000 228600 0 2 0 1 0 B1
A 355600 -203200 203200 0 9 3 #=B1
A 0 0 9 0 3 0 PINTYPE=BI
P 3 0 -508000 508000 -508000 0 2 0
L 584200 -508000 228600 0 2 0 1 0 C1
A 355600 -457200 203200 0 9 3 #=C1
A 0 0 9 0 3 0 PINTYPE=BI
P 4 0 -762000 508000 -762000 0 2 0
L 584200 -762000 228600 0 2 0 1 0 D1
A 355600 -711200 203200 0 9 3 #=D1
A 0 0 9 0 3 0 PINTYPE=BI
P 5 2540000 0 2032000 0 0 3 0
L 1955800 0 228600 0 8 0 1 0 E1
A 2184400 50800 203200 0 3 3 #=E1
A 0 0 9 0 3 0 PINTYPE=BI
P 6 2540000 -254000 2032000 -254000 0 3 0
L 1955800 -254000 228600 0 8 0 1 0 MH1
A 2184400 -203200 203200 0 3 3 #=MH1
A 0 0 9 0 3 0 PINTYPE=BI
P 7 2540000 -508000 2032000 -508000 0 3 0
L 1955800 -508000 228600 0 8 0 1 0 MH2
A 2184400 -457200 203200 0 3 3 #=MH2
A 0 0 9 0 3 0 PINTYPE=BI
E
